1;2779.00;9.60;1825.00;small
1;2809.00;9.50;1833.00;small
2;2752.00;9.60;1837.00;small
2;2781.00;9.57;1872.00;small
3;2754.00;9.60;1916.00;small
3;2738.00;9.60;1949.00;small
4;2702.00;9.60;1874.00;small
4;2681.00;9.60;1848.00;small
5;2891.00;9.50;1811.00;small
5;2908.00;9.50;1844.00;small
6;2976.00;9.60;1903.00;small
6;2954.00;9.50;1846.00;small
7;2984.00;10.13;1769.00;big
7;2938.00;9.73;1796.00;big
8;3037.00;9.60;1840.00;big
9;3147.00;9.50;2008.00;big
9;3108.00;9.60;1953.00;big
10;3055.00;9.60;1982.00;big
10;3035.00;9.60;1931.00;big
11;2979.00;11.05;2059.00;big
11;2941.00;11.90;2002.00;big
12;3251.00;9.60;2156.00;big
12;3407.00;9.50;2182.00;big
12;3324.00;9.70;2196.00;big
12;3207.00;9.50;2157.00;big
12;3267.00;9.50;2211.00;big
13;3269.00;9.60;2059.00;big
13;3196.00;9.60;2043.00;big
14;3914.00;9.50;1992.00;big
14;3974.00;9.50;1900.00;big
14;3783.00;9.50;1917.00;big
14;3820.00;9.50;1943.00;big
14;3843.00;9.50;2027.00;big
14;3907.00;9.50;1929.00;big
14;3777.00;9.50;1986.00;big
14;3899.00;9.50;2043.00;big
14;3767.00;9.50;2031.00;big
16;2840.00;9.50;1909.00;big
16;2806.00;9.50;2044.00;big
17;3401.00;12.68;1074.00;big
17;3435.00;9.50;968.00;big
17;3427.00;13.82;1178.00;big
17;3548.00;10.98;1092.00;big
18;2850.00;9.50;1828.00;small
18;2768.00;9.50;1789.00;small
19;2887.00;9.50;1759.00;big
19;2816.00;9.50;1767.00;big
20;2831.00;9.50;1693.00;big
20;2896.00;10.30;1692.00;big
21;3032.00;12.78;1742.00;big
21;2955.00;9.65;1718.00;big
22;3051.00;9.55;1794.00;small
22;3109.00;10.68;1774.00;small
23;3001.00;9.93;1668.00;small
23;3054.00;9.60;1611.00;small
24;3066.00;9.78;1696.00;small
24;3131.00;11.95;1665.00;small
25;3235.00;9.50;1630.00;small
25;3162.00;9.55;1596.00;small
26;3250.00;9.50;1728.00;small
26;3209.00;9.50;1667.00;small
27;3180.00;10.48;1730.00;small
27;3105.00;9.60;1735.00;small
28;3365.00;9.70;1450.00;big
28;3506.00;9.60;1486.00;big
28;3406.00;10.30;1520.00;big
29;3130.00;9.50;1523.00;big
29;3040.00;9.50;1532.00;big
30;3369.00;9.50;1668.00;big
30;3270.00;9.50;1663.00;big
31;4056.00;9.90;1237.00;big
31;4037.00;9.60;1138.00;big
32;1249.00;9.50;239.00;big
32;1159.00;9.50;526.00;big
33;379.00;9.50;1974.00;big
33;632.00;9.50;1998.00;big
34;1465.00;9.50;1150.00;big
34;1550.00;9.60;1094.00;big
35;1736.00;9.50;333.00;big
35;1893.00;9.50;479.00;big
36;2052.00;12.48;2157.00;big
36;2215.00;15.45;2187.00;big
37;3224.00;9.60;1958.00;big
37;3180.00;9.50;1915.00;big
38;3132.00;9.60;1801.00;small
38;3123.00;9.50;1858.00;small
39;3210.00;9.50;1858.00;big
39;3200.00;9.50;1796.00;big
40;3572.00;9.50;1903.00;big
40;3640.00;9.57;1971.00;big
40;3564.00;9.50;1979.00;big
40;3650.00;9.60;1915.00;big
41;2737.00;10.10;1569.00;big
41;2703.00;10.13;1629.00;big
41;2785.00;11.10;1628.00;big
42;2744.00;9.50;1715.00;small
42;2678.00;9.50;1685.00;small
43;2661.00;9.50;1790.00;big
43;2618.00;9.50;1935.00;big
44;2247.00;9.50;2088.00;big
44;2446.00;9.50;2164.00;big
45;2658.00;9.50;2193.00;big
45;2886.00;9.50;2199.00;big
46;3476.00;9.50;2199.00;big
46;3195.00;9.50;2280.00;big
47;2540.00;9.50;1527.00;big
47;2596.00;9.50;1629.00;big
48;2624.00;9.50;1462.00;big
48;2536.00;9.50;1343.00;big
49;2420.00;9.50;1738.00;big
49;2314.00;9.50;1915.00;big
50;2084.00;9.50;1862.00;big
50;1801.00;9.60;2038.00;big
51;2236.00;9.50;1681.00;big
51;2272.00;9.50;1548.00;big
52;1367.00;9.50;1369.00;big
52;1335.00;9.50;1272.00;big
53;1611.00;9.50;1255.00;big
53;1855.00;9.50;1175.00;big
54;1784.00;9.50;1628.00;big
54;1706.00;9.50;1553.00;big
55;1882.00;9.50;1746.00;big
55;1874.00;9.50;1641.00;big
56;2043.00;9.50;1436.00;big
56;2068.00;9.50;1596.00;big
57;1870.00;9.50;1496.00;big
57;1810.00;9.50;1379.00;big
58;2390.00;9.50;1432.00;big
58;2250.00;9.50;1348.00;big
59;2061.00;9.50;1037.00;big
59;2050.00;9.50;1234.00;big
60;3793.00;9.50;832.00;big
60;3865.00;9.50;1036.00;big
61;2263.00;9.50;1016.00;big
61;2448.00;9.50;1144.00;big
62;2883.00;9.50;732.00;big
62;2704.00;9.50;901.00;big
63;1886.00;9.50;275.00;big
63;1660.00;9.50;65.00;big
64;2344.00;9.50;299.00;big
64;2069.00;9.50;210.00;big
65;3020.00;9.50;505.00;big
65;3283.00;9.50;304.00;big
66;2440.00;9.50;781.00;big
66;2197.00;9.50;519.00;big
67;2719.00;9.50;479.00;big
67;2850.00;9.50;141.00;big
68;2883.00;9.50;1600.00;big
68;2804.00;9.50;1547.00;big
69;3239.00;9.50;1495.00;big
69;3328.00;9.60;1515.00;big
70;3629.00;9.50;1625.00;big
70;3587.00;9.50;1660.00;big
71;4277.00;9.50;890.00;big
71;4084.00;9.50;851.00;big
72;4487.00;9.50;969.00;big
72;4362.00;9.50;1050.00;big
73;4425.00;9.50;1106.00;big
73;4424.00;9.50;1065.00;big
74;4143.00;9.50;586.00;big
74;4256.00;9.50;338.00;big
75;4647.00;9.50;1221.00;big
75;4545.00;9.50;1079.00;big
76;4828.00;9.50;1391.00;big
76;4705.00;9.63;1337.00;big
77;4739.00;9.50;1572.00;big
77;4726.00;9.50;1480.00;big
78;4884.00;9.50;1098.00;big
78;4893.00;9.50;1239.00;big
79;5021.00;9.50;1749.00;big
79;4922.00;9.50;1604.00;big
80;4717.00;9.50;1024.00;big
80;4703.00;9.50;1106.00;big
81;5112.00;9.50;747.00;big
81;5250.00;9.50;686.00;big
82;4972.00;9.50;723.00;big
82;4963.00;9.50;803.00;big
83;5437.00;9.50;691.00;big
83;5295.00;9.50;843.00;big
84;5034.00;9.50;1050.00;big
84;5186.00;9.60;917.00;big
85;3628.00;9.50;510.00;big
85;3882.00;9.50;539.00;big
86;5484.00;9.50;376.00;big
86;5257.00;9.50;318.00;big
87;5109.00;9.50;1796.00;big
87;5235.00;9.50;1947.00;big
88;117.00;9.50;1924.00;big
88;5510.00;9.50;1940.00;big
89;833.00;9.50;1587.00;big
89;904.00;9.50;1434.00;big
90;4957.00;9.50;1471.00;big
90;5073.00;9.50;1576.00;big
91;4896.00;9.50;843.00;big
91;4813.00;9.50;867.00;big
92;4648.00;9.50;722.00;big
92;4748.00;9.50;775.00;big
93;4691.00;10.18;920.00;big
93;4786.00;9.50;935.00;big
94;5025.00;9.50;1346.00;big
94;5142.00;9.50;1223.00;big
95;5466.00;9.50;1416.00;big
95;65.00;9.50;1310.00;big
96;5445.00;9.50;1728.00;big
96;6.00;9.50;1621.00;big
97;5462.00;9.50;1048.00;big
97;122.00;9.50;753.00;big
98;4773.00;9.50;293.00;big
98;4952.00;9.50;361.00;big
99;4474.00;9.50;744.00;big
99;4498.00;9.50;475.00;big
100;3545.00;9.50;1148.00;big
100;3376.00;9.50;1357.00;big
101;4266.00;9.50;1157.00;big
101;4118.00;9.50;1118.00;big
102;3610.00;9.50;1010.00;big
102;3510.00;9.50;839.00;big
103;3469.00;9.50;683.00;big
103;3392.00;9.50;580.00;big
104;3860.00;9.50;1263.00;big
104;3746.00;9.50;1186.00;big
105;273.00;9.50;1240.00;big
105;433.00;9.50;1091.00;big
106;1059.00;9.50;1316.00;big
106;1288.00;9.50;1172.00;big
107;1520.00;9.50;1009.00;big
107;1444.00;9.50;1081.00;big
108;1569.00;9.50;381.00;big
108;1615.00;9.50;606.00;big
109;1455.00;9.50;879.00;big
109;1513.00;9.50;747.00;big
110;1202.00;9.50;1004.00;big
110;1177.00;9.50;791.00;big
111;886.00;9.50;1177.00;big
111;690.00;9.50;1214.00;big
112;267.00;9.50;223.00;big
112;675.00;9.50;240.00;big
113;668.00;9.50;452.00;big
113;827.00;9.50;570.00;big
114;644.00;9.50;1739.00;big
114;344.00;9.50;1782.00;big
115;580.00;9.50;1510.00;big
115;750.00;9.50;1532.00;big
116;3624.00;15.65;1457.00;big
116;3574.00;13.90;1536.00;big
116;3716.00;12.75;1528.00;big
116;3726.00;14.80;1411.00;big
117;1513.00;9.50;1470.00;big
117;1593.00;9.70;1585.00;big
118;941.00;9.50;1537.00;big
118;910.00;12.63;1688.00;big
119;1194.00;12.32;1503.00;big
119;1296.00;9.50;1474.00;big
120;1130.00;12.38;1681.00;big
120;1250.00;11.15;1625.00;big
121;1755.00;9.90;1867.00;big
121;1571.00;9.60;1707.00;big
122;910.00;10.88;1873.00;big
122;1206.00;9.90;1858.00;big
123;1206.00;12.53;1287.00;big
123;1266.00;14.18;1277.00;big
124;1609.00;16.08;981.00;big
124;1735.00;9.50;1077.00;big
125;2187.00;10.07;836.00;big
125;2074.00;10.65;637.00;big
126;3085.00;9.60;1444.00;big
126;2963.00;9.82;1518.00;big
126;2824.00;11.38;1516.00;big
126;2889.00;10.03;1527.00;big
126;3028.00;9.70;1472.00;big
126;3158.00;9.50;1463.00;big
126;3014.00;10.40;1459.00;big
127;3129.00;9.50;1394.00;big
127;2995.00;10.60;1368.00;big
127;2619.00;9.50;1253.00;big
127;2748.00;9.50;1315.00;big
127;2970.00;10.30;1221.00;big
127;2862.00;10.35;1464.00;big
128;3341.00;9.93;1216.00;big
128;3323.00;9.98;1345.00;big
128;3280.00;9.50;1434.00;big
129;3428.00;10.98;1593.00;big
129;3302.00;11.88;1585.00;big
130;3369.00;9.50;1759.00;big
130;3296.00;9.50;1786.00;big
131;3344.00;9.50;1874.00;big
131;3284.00;9.50;1859.00;big
132;3323.00;9.50;1958.00;big
132;3341.00;9.60;2073.00;big
133;3422.00;9.50;1928.00;big
133;3410.00;9.50;1831.00;big
133;3495.00;9.50;1882.00;big
134;3543.00;9.60;1619.00;small
134;3483.00;13.80;1654.00;small
135;3530.00;9.50;1702.00;big
135;3449.00;9.50;1715.00;big
136;3798.00;9.50;1856.00;big
136;3708.00;9.60;1651.00;big
136;3832.00;9.50;1703.00;big
136;3846.00;9.60;1841.00;big
136;3733.00;9.93;1767.00;big
136;4104.00;10.20;1756.00;big
136;4039.00;15.53;1640.00;big
136;3791.00;9.50;1583.00;big
136;3676.00;9.50;1698.00;big
136;3943.00;10.10;1801.00;big
136;3905.00;10.65;1626.00;big
137;3483.00;9.50;1775.00;big
137;3619.00;9.50;1831.00;big
137;3610.00;9.50;1759.00;big
137;3535.00;9.60;1813.00;big
138;3744.00;9.98;1865.00;big
138;3708.00;10.03;1845.00;big
138;3725.00;9.75;1897.00;big
138;3729.00;9.80;1953.00;big
138;3750.00;9.70;1829.00;big
139;3083.00;13.68;612.00;big
139;3259.00;10.57;536.00;big
139;3151.00;11.20;496.00;big
140;2796.00;9.60;1196.00;big
140;2947.00;10.00;1099.00;big
140;2588.00;9.50;1169.00;big
140;2670.00;9.90;1120.00;big
140;2832.00;9.63;1075.00;big
141;4251.00;9.50;1344.00;big
141;4179.00;9.50;1341.00;big
142;4423.00;9.60;1243.00;big
142;4477.00;9.50;1161.00;big
143;4655.00;12.35;1644.00;big
143;4631.00;9.50;1565.00;big
144;4385.00;12.45;1604.00;big
144;4506.00;12.03;1530.00;big
145;4201.00;12.82;1665.00;big
145;4063.00;11.90;1586.00;big
146;4131.00;21.43;1410.00;big
146;4210.00;20.65;1443.00;big
146;4026.00;20.65;1505.00;big
147;4001.00;9.50;2087.00;big
147;4356.00;11.25;2209.00;big
148;4946.00;9.78;1746.00;big
148;4857.00;9.73;1855.00;big
149;4510.00;10.78;1906.00;big
149;4913.00;9.60;2040.00;big
150;3567.00;9.50;2115.00;big
150;3596.00;9.50;2043.00;big
150;3685.00;9.50;2061.00;big
150;3706.00;9.50;2201.00;big
150;3390.00;9.60;2051.00;big
150;3417.00;9.60;2014.00;big
150;3489.00;9.50;1996.00;big
150;3488.00;9.50;2058.00;big
151;4173.00;10.10;1836.00;big
151;4207.00;9.50;2017.00;big
151;4071.00;9.60;1897.00;big
151;4068.00;9.50;1976.00;big
151;4339.00;10.10;2005.00;big
151;4260.00;9.70;1926.00;big
151;4168.00;9.50;1953.00;big
152;4254.00;11.38;1790.00;big
152;4271.00;12.60;1741.00;big
152;4383.00;13.28;1687.00;big
152;4336.00;14.03;1823.00;big
152;4483.00;12.28;1680.00;big
152;4558.00;12.03;1736.00;big
152;4432.00;12.40;1766.00;big
153;3960.00;9.50;1326.00;big
153;4059.00;9.50;1361.00;big
154;4896.00;9.60;1497.00;big
154;5006.00;10.15;1567.00;big
155;4752.00;9.50;1644.00;big
155;4816.00;9.50;1717.00;big
156;4683.00;9.80;478.00;big
156;4960.00;9.53;462.00;big
157;5474.00;9.60;247.00;big
157;5566.00;9.60;346.00;big
158;4560.00;9.68;847.00;big
158;4635.00;9.60;832.00;big
158;4494.00;9.78;854.00;big
158;4712.00;9.60;830.00;big
158;4760.00;9.60;814.00;big
159;4644.00;9.60;1015.00;big
159;4575.00;9.55;958.00;big
160;4713.00;9.75;1206.00;big
160;4763.00;9.63;1087.00;big
161;2469.00;9.60;2127.00;small
161;2545.00;11.63;2118.00;small
162;3896.00;15.07;1517.00;big
162;3823.00;15.45;1494.00;big
163;1943.00;9.57;1008.00;big
163;1827.00;9.60;799.00;big
164;4624.00;9.50;1480.00;big
164;4661.00;9.73;1411.00;big
165;4562.00;10.05;1353.00;big
165;4467.00;12.03;1356.00;big
166;1437.00;9.50;2068.00;big
166;1525.00;9.50;1982.00;big
167;5109.00;10.18;844.00;big
167;4985.00;9.65;892.00;big
168;3103.00;9.50;1600.00;big
168;3024.00;9.50;1691.00;big
169;3029.00;9.50;1600.00;big
169;2958.00;9.60;1623.00;big
170;1607.00;9.50;1382.00;big
170;1468.00;9.50;1365.00;big
171;388.00;9.50;1948.00;big
171;820.00;9.60;1801.00;big
172;274.00;9.50;797.00;big
172;490.00;9.50;793.00;big
173;2910.00;9.50;1920.00;big
173;2874.00;9.50;1969.00;big
174;2964.00;9.50;2181.00;big
174;2892.00;9.50;2014.00;big
175;895.00;9.50;836.00;big
175;662.00;9.50;814.00;big
176;349.00;9.50;1491.00;big
176;127.00;9.50;1507.00;big
177;5208.00;9.50;1473.00;big
177;5257.00;9.50;1638.00;big
178;132.00;9.50;545.00;big
178;5595.00;9.60;690.00;big
179;495.00;9.50;503.00;big
179;330.00;9.50;559.00;big
180;100.00;9.50;1012.00;big
180;5604.00;9.50;1247.00;big
181;3544.00;10.95;613.00;big
181;3544.00;9.50;707.00;big
182;2739.00;10.10;1500.00;big
182;2663.00;10.15;1411.00;big
183;3115.00;9.90;1110.00;big
183;3273.00;11.32;1002.00;big
184;3131.00;11.60;823.00;big
184;3057.00;10.00;973.00;big
185;3331.00;9.82;712.00;big
185;3344.00;12.55;870.00;big
186;4818.00;9.88;1545.00;big
186;4798.00;11.35;1610.00;big
187;4448.00;9.50;914.00;big
187;4390.00;9.50;976.00;big
188;4371.00;9.60;1090.00;big
188;4413.00;9.73;1018.00;big
189;4327.00;9.60;1231.00;big
189;4321.00;9.70;1322.00;big
190;3873.00;9.50;1386.00;big
190;3946.00;9.50;1464.00;big
191;3197.00;9.60;2241.00;big
191;3057.00;9.50;2176.00;big
192;3114.00;9.80;2139.00;big
192;3043.00;9.93;2053.00;big
193;4894.00;9.60;752.00;big
193;4789.00;10.25;711.00;big
194;5116.00;9.60;615.00;big
194;5118.00;9.63;418.00;big
195;4653.00;10.10;584.00;big
195;4943.00;9.50;582.00;big
196;3623.00;9.50;1281.00;big
196;3443.00;12.78;1360.00;big
197;1664.00;9.50;1661.00;big
197;1763.00;9.57;1720.00;big
198;1440.00;9.60;1637.00;big
198;1409.00;9.50;1509.00;big
199;1011.00;13.10;1664.00;big
199;1048.00;13.23;1541.00;big
200;4405.00;18.88;1507.00;big
200;4313.00;21.50;1485.00;big
201;1747.00;18.70;679.00;big
201;1640.00;9.60;818.00;big
202;3198.00;9.60;1522.00;big
202;3225.00;9.50;1571.00;big
203;3730.00;9.50;1344.00;big
203;3619.00;9.50;1378.00;big
204;1065.00;9.60;1422.00;big
204;1180.00;13.82;1362.00;big
205;1406.00;9.50;1220.00;big
205;1325.00;9.63;1216.00;big
206;3120.00;9.50;1917.00;big
206;3057.00;9.50;1897.00;big
207;2971.00;9.50;1962.00;big
207;2985.00;9.50;1897.00;big
